            configname    selected        comp_n(Na)    formation_energy    hull_dist(ALL,comp)
    SCEL1_1_1_1_0_0_0/0           0        3.00000000         -0.38397995             0.10227235
    SCEL1_1_1_1_0_0_0/1           0        3.00000000         0.07521753              0.56146983
    SCEL1_1_1_1_0_0_0/10          0        2.00000000         1.30623921              1.31238091
    SCEL1_1_1_1_0_0_0/11          0        4.00000000         -0.96586292             0.00049999
    SCEL1_1_1_1_0_0_0/12          0        4.00000000         -0.84543498             0.12092793
    SCEL1_1_1_1_0_0_0/13          0        4.00000000         -0.88251849             0.08384442
    SCEL1_1_1_1_0_0_0/14          0        4.00000000         -0.53981447             0.42654844
    SCEL1_1_1_1_0_0_0/15          0        4.00000000         -0.57664228             0.38972063
    SCEL1_1_1_1_0_0_0/16          0        4.00000000         -0.14724187             0.81912104
    SCEL1_1_1_1_0_0_0/17          0        4.00000000         -0.17709405             0.78926886
    SCEL1_1_1_1_0_0_0/18          0        4.00000000         -0.10128994             0.86507297
    SCEL1_1_1_1_0_0_0/19          0        5.00000000         -0.90834429             0.49498394
    SCEL1_1_1_1_0_0_0/2           0        3.00000000         0.22630298              0.71255528
    SCEL1_1_1_1_0_0_0/20          0        5.00000000         -1.32336654             0.07996169
    SCEL1_1_1_1_0_0_0/21          0        5.00000000         -1.27504588             0.12828235
    SCEL1_1_1_1_0_0_0/22          0        5.00000000         -1.21577298             0.18755525
    SCEL1_1_1_1_0_0_0/23          0        5.00000000         -0.98755079             0.41577744
    SCEL1_1_1_1_0_0_0/24          0        5.00000000         -0.83911934             0.56420889
    SCEL1_1_1_1_0_0_0/25          0        6.00000000         -1.82153033             0.01876322
    SCEL1_1_1_1_0_0_0/26          0        6.00000000         -1.57665641             0.26363715
    SCEL1_1_1_1_0_0_0/27          0        6.00000000         -1.83974532             0.00054823
    SCEL1_1_1_1_0_0_0/28          0        6.00000000         -1.45953471             0.38075885
    SCEL1_1_1_1_0_0_0/29          0        8.00000000         0.00000000              0.00000000
    SCEL1_1_1_1_0_0_0/3           0        3.00000000         0.32973052              0.81598282
    SCEL1_1_1_1_0_0_0/30          0        7.00000000         -0.91163145             0.00942565
    SCEL1_1_1_1_0_0_0/31          0        7.00000000         -0.74439108             0.17666602
    SCEL1_1_1_1_0_0_0/4           0        3.00000000         0.58172277              1.06797507
    SCEL1_1_1_1_0_0_0/5           0        3.00000000         0.60691235              1.09316465
    SCEL1_1_1_1_0_0_0/6           0        2.00000000         -0.00000000             0.00614170
    SCEL1_1_1_1_0_0_0/7           0        2.00000000         0.75799470              0.76413640
    SCEL1_1_1_1_0_0_0/8           0        2.00000000         1.12508955              1.13123125
    SCEL1_1_1_1_0_0_0/9           0        2.00000000         1.32172549              1.32786719
    SCEL2_1_2_1_0_0_0/0           0        2.00000000         -0.00614170             0.00000000
    SCEL2_1_2_1_0_0_0/1           0        2.00000000         0.37415307              0.38029477
    SCEL2_1_2_1_0_0_0/10          0        2.00000000         0.78499168              0.79113338
    SCEL2_1_2_1_0_0_0/100         0        2.50000000         0.22828529              0.47448229
    SCEL2_1_2_1_0_0_0/101         0        2.50000000         0.04621064              0.29240764
    SCEL2_1_2_1_0_0_0/102         0        2.50000000         0.12630944              0.37250645
    SCEL2_1_2_1_0_0_0/103         0        2.50000000         -0.17571568             0.07048132
    SCEL2_1_2_1_0_0_0/104         0        2.50000000         0.42189196              0.66808896
    SCEL2_1_2_1_0_0_0/105         0        2.50000000         0.48303659              0.72923359
    SCEL2_1_2_1_0_0_0/106         0        2.50000000         0.48403850              0.73023551
    SCEL2_1_2_1_0_0_0/107         0        3.00000000         -0.36059077             0.12566154
    SCEL2_1_2_1_0_0_0/108         0        3.00000000         -0.36951353             0.11673877
    SCEL2_1_2_1_0_0_0/109         0        3.00000000         -0.38143931             0.10481299
    SCEL2_1_2_1_0_0_0/11          0        2.00000000         0.69876606              0.70490776
    SCEL2_1_2_1_0_0_0/110         0        3.00000000         -0.17807483             0.30817747
    SCEL2_1_2_1_0_0_0/111         0        3.00000000         -0.15278890             0.33346341
    SCEL2_1_2_1_0_0_0/112         0        3.00000000         -0.15155425             0.33469805
    SCEL2_1_2_1_0_0_0/113         0        3.00000000         -0.14629593             0.33995638
    SCEL2_1_2_1_0_0_0/114         0        3.00000000         -0.02924152             0.45701078
    SCEL2_1_2_1_0_0_0/115         0        3.00000000         -0.38767495             0.09857736
    SCEL2_1_2_1_0_0_0/116         0        3.00000000         -0.07721762             0.40903469
    SCEL2_1_2_1_0_0_0/117         0        3.00000000         -0.37340667             0.11284563
    SCEL2_1_2_1_0_0_0/118         0        3.00000000         -0.04184537             0.44440693
    SCEL2_1_2_1_0_0_0/119         0        3.00000000         -0.08511338             0.40113893
    SCEL2_1_2_1_0_0_0/12          0        2.00000000         0.42441046              0.43055216
    SCEL2_1_2_1_0_0_0/120         0        3.00000000         -0.37627798             0.10997432
    SCEL2_1_2_1_0_0_0/121         0        3.00000000         -0.18905562             0.29719669
    SCEL2_1_2_1_0_0_0/122         0        3.00000000         -0.42945827             0.05679404
    SCEL2_1_2_1_0_0_0/123         0        3.00000000         -0.17705446             0.30919785
    SCEL2_1_2_1_0_0_0/124         0        3.00000000         -0.07200791             0.41424440
    SCEL2_1_2_1_0_0_0/125         0        3.00000000         -0.06993098             0.41632132
    SCEL2_1_2_1_0_0_0/126         0        3.00000000         -0.06906534             0.41718696
    SCEL2_1_2_1_0_0_0/127         0        3.00000000         -0.37807710             0.10817520
    SCEL2_1_2_1_0_0_0/128         0        3.00000000         -0.18538818             0.30086412
    SCEL2_1_2_1_0_0_0/129         0        3.00000000         -0.06724590             0.41900641
    SCEL2_1_2_1_0_0_0/13          0        2.00000000         0.76308673              0.76922843
    SCEL2_1_2_1_0_0_0/130         0        3.00000000         -0.07071841             0.41553389
    SCEL2_1_2_1_0_0_0/131         0        3.00000000         -0.35764916             0.12860315
    SCEL2_1_2_1_0_0_0/132         0        3.00000000         -0.24014099             0.24611132
    SCEL2_1_2_1_0_0_0/133         0        3.00000000         -0.03578835             0.45046395
    SCEL2_1_2_1_0_0_0/134         0        3.00000000         -0.05329086             0.43296145
    SCEL2_1_2_1_0_0_0/135         0        3.00000000         -0.09935329             0.38689901
    SCEL2_1_2_1_0_0_0/136         0        3.00000000         -0.17712222             0.30913009
    SCEL2_1_2_1_0_0_0/137         0        3.00000000         -0.47749036             0.00876195
    SCEL2_1_2_1_0_0_0/138         0        3.00000000         -0.12994007             0.35631224
    SCEL2_1_2_1_0_0_0/139         0        3.00000000         -0.03748569             0.44876662
    SCEL2_1_2_1_0_0_0/14          0        2.00000000         0.38533516              0.39147687
    SCEL2_1_2_1_0_0_0/140         0        3.00000000         -0.26834912             0.21790318
    SCEL2_1_2_1_0_0_0/141         0        3.00000000         -0.09675830             0.38949401
    SCEL2_1_2_1_0_0_0/142         0        3.00000000         -0.10973671             0.37651560
    SCEL2_1_2_1_0_0_0/143         0        3.00000000         -0.07322541             0.41302690
    SCEL2_1_2_1_0_0_0/144         0        3.00000000         -0.09869109             0.38756121
    SCEL2_1_2_1_0_0_0/145         0        3.00000000         -0.04240619             0.44384612
    SCEL2_1_2_1_0_0_0/146         0        3.00000000         -0.38789940             0.09835290
    SCEL2_1_2_1_0_0_0/147         0        3.00000000         0.03672614              0.52297845
    SCEL2_1_2_1_0_0_0/148         0        3.00000000         -0.01201787             0.47423444
    SCEL2_1_2_1_0_0_0/149         0        3.00000000         -0.14635048             0.33990182
    SCEL2_1_2_1_0_0_0/15          0        2.00000000         0.77345782              0.77959952
    SCEL2_1_2_1_0_0_0/150         0        3.00000000         -0.03595168             0.45030062
    SCEL2_1_2_1_0_0_0/151         0        3.00000000         -0.38954103             0.09671128
    SCEL2_1_2_1_0_0_0/152         0        3.50000000         -0.57813201             0.14817559
    SCEL2_1_2_1_0_0_0/153         0        3.50000000         -0.55932188             0.16698573
    SCEL2_1_2_1_0_0_0/154         0        3.50000000         -0.60224996             0.12405764
    SCEL2_1_2_1_0_0_0/155         0        3.50000000         -0.60868430             0.11762330
    SCEL2_1_2_1_0_0_0/156         0        3.50000000         -0.57323782             0.15306979
    SCEL2_1_2_1_0_0_0/157         0        3.50000000         -0.60863620             0.11767141
    SCEL2_1_2_1_0_0_0/158         0        3.50000000         -0.59616378             0.13014383
    SCEL2_1_2_1_0_0_0/159         0        3.50000000         -0.57701860             0.14928901
    SCEL2_1_2_1_0_0_0/16          0        2.00000000         0.83674802              0.84288972
    SCEL2_1_2_1_0_0_0/160         0        3.50000000         -0.59999910             0.12630850
    SCEL2_1_2_1_0_0_0/161         0        3.50000000         -0.64228287             0.08402474
    SCEL2_1_2_1_0_0_0/162         0        3.50000000         -0.57548507             0.15082254
    SCEL2_1_2_1_0_0_0/163         0        3.50000000         -0.56728780             0.15901981
    SCEL2_1_2_1_0_0_0/164         0        3.50000000         -0.60410850             0.12219910
    SCEL2_1_2_1_0_0_0/165         0        3.50000000         -0.51240035             0.21390726
    SCEL2_1_2_1_0_0_0/166         0        3.50000000         -0.64550037             0.08080724
    SCEL2_1_2_1_0_0_0/167         0        3.50000000         -0.54192038             0.18438723
    SCEL2_1_2_1_0_0_0/168         0        3.50000000         -0.57638660             0.14992101
    SCEL2_1_2_1_0_0_0/169         0        3.50000000         -0.58247618             0.14383143
    SCEL2_1_2_1_0_0_0/17          0        2.00000000         0.81512196              0.82126366
    SCEL2_1_2_1_0_0_0/170         0        3.50000000         -0.56209369             0.16421392
    SCEL2_1_2_1_0_0_0/171         0        3.50000000         -0.64148828             0.08481933
    SCEL2_1_2_1_0_0_0/172         0        3.50000000         -0.61514566             0.11116195
    SCEL2_1_2_1_0_0_0/173         0        3.50000000         -0.59048381             0.13582380
    SCEL2_1_2_1_0_0_0/174         0        3.50000000         -0.34544990             0.38085771
    SCEL2_1_2_1_0_0_0/175         0        3.50000000         -0.60628833             0.12001928
    SCEL2_1_2_1_0_0_0/176         0        3.50000000         -0.55755321             0.16875440
    SCEL2_1_2_1_0_0_0/177         0        3.50000000         -0.35248518             0.37382243
    SCEL2_1_2_1_0_0_0/178         0        3.50000000         -0.41313509             0.31317252
    SCEL2_1_2_1_0_0_0/179         0        3.50000000         -0.46048071             0.26582690
    SCEL2_1_2_1_0_0_0/18          0        2.00000000         0.85770201              0.86384371
    SCEL2_1_2_1_0_0_0/180         0        3.50000000         -0.53879988             0.18750772
    SCEL2_1_2_1_0_0_0/181         0        3.50000000         -0.39143707             0.33487053
    SCEL2_1_2_1_0_0_0/182         0        3.50000000         -0.37901225             0.34729536
    SCEL2_1_2_1_0_0_0/183         0        3.50000000         -0.44091666             0.28539095
    SCEL2_1_2_1_0_0_0/184         0        3.50000000         -0.62775395             0.09855365
    SCEL2_1_2_1_0_0_0/185         0        3.50000000         -0.49365179             0.23265581
    SCEL2_1_2_1_0_0_0/186         0        3.50000000         -0.45856265             0.26774496
    SCEL2_1_2_1_0_0_0/187         0        3.50000000         -0.50037354             0.22593406
    SCEL2_1_2_1_0_0_0/188         0        3.50000000         -0.43225207             0.29405554
    SCEL2_1_2_1_0_0_0/189         0        3.50000000         -0.59290756             0.13340005
    SCEL2_1_2_1_0_0_0/19          0        2.00000000         0.81005780              0.81619950
    SCEL2_1_2_1_0_0_0/190         0        3.50000000         -0.34566325             0.38064436
    SCEL2_1_2_1_0_0_0/191         0        3.50000000         -0.39377218             0.33253543
    SCEL2_1_2_1_0_0_0/192         0        3.50000000         -0.36855120             0.35775641
    SCEL2_1_2_1_0_0_0/193         0        3.50000000         -0.42714265             0.29916496
    SCEL2_1_2_1_0_0_0/194         0        3.50000000         -0.42882248             0.29748513
    SCEL2_1_2_1_0_0_0/195         0        3.50000000         -0.37991622             0.34639139
    SCEL2_1_2_1_0_0_0/196         0        3.50000000         -0.31624892             0.41005869
    SCEL2_1_2_1_0_0_0/197         0        3.50000000         -0.43601264             0.29029497
    SCEL2_1_2_1_0_0_0/198         0        3.50000000         -0.39362795             0.33267966
    SCEL2_1_2_1_0_0_0/199         0        3.50000000         -0.49022441             0.23608319
    SCEL2_1_2_1_0_0_0/2           0        2.00000000         0.74061200              0.74675370
    SCEL2_1_2_1_0_0_0/20          0        2.00000000         0.77799422              0.78413592
    SCEL2_1_2_1_0_0_0/200         0        3.50000000         -0.46650848             0.25979913
    SCEL2_1_2_1_0_0_0/201         0        4.00000000         -0.96636291             0.00000000
    SCEL2_1_2_1_0_0_0/202         0        4.00000000         -0.83063551             0.13572740
    SCEL2_1_2_1_0_0_0/203         0        4.00000000         -0.81314040             0.15322251
    SCEL2_1_2_1_0_0_0/204         0        4.00000000         -0.80883346             0.15752945
    SCEL2_1_2_1_0_0_0/205         0        4.00000000         -0.81053910             0.15582381
    SCEL2_1_2_1_0_0_0/206         0        4.00000000         -0.68412118             0.28224173
    SCEL2_1_2_1_0_0_0/207         0        4.00000000         -0.75298398             0.21337893
    SCEL2_1_2_1_0_0_0/208         0        4.00000000         -0.76347800             0.20288491
    SCEL2_1_2_1_0_0_0/209         0        4.00000000         -0.85552787             0.11083503
    SCEL2_1_2_1_0_0_0/21          0        2.00000000         0.79945185              0.80559355
    SCEL2_1_2_1_0_0_0/210         0        4.00000000         -0.72026121             0.24610170
    SCEL2_1_2_1_0_0_0/211         0        4.00000000         -0.86929581             0.09706709
    SCEL2_1_2_1_0_0_0/212         0        4.00000000         -0.82272224             0.14364067
    SCEL2_1_2_1_0_0_0/213         0        4.00000000         -0.78151324             0.18484967
    SCEL2_1_2_1_0_0_0/214         0        4.00000000         -0.76729542             0.19906749
    SCEL2_1_2_1_0_0_0/215         0        4.00000000         -0.86627272             0.10009018
    SCEL2_1_2_1_0_0_0/216         0        4.00000000         -0.85083234             0.11553057
    SCEL2_1_2_1_0_0_0/217         0        4.00000000         -0.78375128             0.18261163
    SCEL2_1_2_1_0_0_0/218         0        4.00000000         -0.86456136             0.10180155
    SCEL2_1_2_1_0_0_0/219         0        4.00000000         -0.83272524             0.13363766
    SCEL2_1_2_1_0_0_0/22          0        2.00000000         0.70132026              0.70746196
    SCEL2_1_2_1_0_0_0/220         0        4.00000000         -0.80406336             0.16229954
    SCEL2_1_2_1_0_0_0/221         0        4.00000000         -0.74673566             0.21962725
    SCEL2_1_2_1_0_0_0/222         0        4.00000000         -0.83884251             0.12752039
    SCEL2_1_2_1_0_0_0/223         0        4.00000000         -0.84349275             0.12287016
    SCEL2_1_2_1_0_0_0/224         0        4.00000000         -0.85672303             0.10963988
    SCEL2_1_2_1_0_0_0/225         0        4.00000000         -0.84865015             0.11771276
    SCEL2_1_2_1_0_0_0/226         0        4.00000000         -0.76309545             0.20326746
    SCEL2_1_2_1_0_0_0/227         0        4.00000000         -0.81387087             0.15249204
    SCEL2_1_2_1_0_0_0/228         0        4.00000000         -0.79973833             0.16662458
    SCEL2_1_2_1_0_0_0/229         0        4.00000000         -0.80256884             0.16379406
    SCEL2_1_2_1_0_0_0/23          0        2.00000000         0.77241855              0.77856025
    SCEL2_1_2_1_0_0_0/230         0        4.00000000         -0.81099091             0.15537200
    SCEL2_1_2_1_0_0_0/231         0        4.00000000         -0.69011799             0.27624492
    SCEL2_1_2_1_0_0_0/232         0        4.00000000         -0.84660278             0.11976012
    SCEL2_1_2_1_0_0_0/233         0        4.00000000         -0.85187189             0.11449101
    SCEL2_1_2_1_0_0_0/234         0        4.00000000         -0.85500408             0.11135883
    SCEL2_1_2_1_0_0_0/235         0        4.00000000         -0.86998143             0.09638147
    SCEL2_1_2_1_0_0_0/236         0        4.00000000         -0.85950306             0.10685984
    SCEL2_1_2_1_0_0_0/237         0        4.00000000         -0.81670260             0.14966030
    SCEL2_1_2_1_0_0_0/238         0        4.00000000         -0.64479028             0.32157262
    SCEL2_1_2_1_0_0_0/239         0        4.00000000         -0.81915222             0.14721069
    SCEL2_1_2_1_0_0_0/24          0        2.00000000         0.82829446              0.83443616
    SCEL2_1_2_1_0_0_0/240         0        4.00000000         -0.83728011             0.12908279
    SCEL2_1_2_1_0_0_0/241         0        4.00000000         -0.85399653             0.11236638
    SCEL2_1_2_1_0_0_0/242         0        4.00000000         -0.83532726             0.13103564
    SCEL2_1_2_1_0_0_0/243         0        4.00000000         -0.80234973             0.16401317
    SCEL2_1_2_1_0_0_0/244         0        4.00000000         -0.84765984             0.11870307
    SCEL2_1_2_1_0_0_0/245         0        4.00000000         -0.80924701             0.15711590
    SCEL2_1_2_1_0_0_0/246         0        4.00000000         -0.83720349             0.12915942
    SCEL2_1_2_1_0_0_0/247         0        4.00000000         -0.75961568             0.20674723
    SCEL2_1_2_1_0_0_0/248         0        4.00000000         -0.82240834             0.14395457
    SCEL2_1_2_1_0_0_0/249         0        4.00000000         -0.79968878             0.16667413
    SCEL2_1_2_1_0_0_0/25          0        2.00000000         0.81349803              0.81963974
    SCEL2_1_2_1_0_0_0/250         0        4.00000000         -0.82424517             0.14211773
    SCEL2_1_2_1_0_0_0/251         0        4.00000000         -0.82145890             0.14490401
    SCEL2_1_2_1_0_0_0/252         0        4.00000000         -0.78979192             0.17657099
    SCEL2_1_2_1_0_0_0/253         0        4.00000000         -0.84393168             0.12243123
    SCEL2_1_2_1_0_0_0/254         0        4.00000000         -0.76121217             0.20515074
    SCEL2_1_2_1_0_0_0/255         0        4.00000000         -0.82887999             0.13748292
    SCEL2_1_2_1_0_0_0/256         0        4.00000000         -0.84048910             0.12587381
    SCEL2_1_2_1_0_0_0/257         0        4.00000000         -0.88184383             0.08451908
    SCEL2_1_2_1_0_0_0/258         0        4.00000000         -0.82720282             0.13916009
    SCEL2_1_2_1_0_0_0/259         0        4.00000000         -0.81254154             0.15382137
    SCEL2_1_2_1_0_0_0/26          0        2.00000000         0.78995721              0.79609892
    SCEL2_1_2_1_0_0_0/260         0        4.00000000         -0.81855147             0.14781144
    SCEL2_1_2_1_0_0_0/261         0        4.00000000         -0.70754160             0.25882131
    SCEL2_1_2_1_0_0_0/262         0        4.00000000         -0.70470584             0.26165707
    SCEL2_1_2_1_0_0_0/263         0        4.00000000         -0.73869255             0.22767036
    SCEL2_1_2_1_0_0_0/264         0        4.50000000         -0.92713345             0.25771212
    SCEL2_1_2_1_0_0_0/265         0        4.50000000         -0.97061569             0.21422988
    SCEL2_1_2_1_0_0_0/266         0        4.50000000         -1.01405702             0.17078855
    SCEL2_1_2_1_0_0_0/267         0        4.50000000         -1.01782644             0.16701913
    SCEL2_1_2_1_0_0_0/268         0        4.50000000         -1.03699971             0.14784586
    SCEL2_1_2_1_0_0_0/269         0        4.50000000         -1.05308406             0.13176151
    SCEL2_1_2_1_0_0_0/27          0        2.00000000         0.85109693              0.85723863
    SCEL2_1_2_1_0_0_0/270         0        4.50000000         -1.06475038             0.12009519
    SCEL2_1_2_1_0_0_0/271         0        4.50000000         -0.86688197             0.31796360
    SCEL2_1_2_1_0_0_0/272         0        4.50000000         -1.03838989             0.14645568
    SCEL2_1_2_1_0_0_0/273         0        4.50000000         -1.03744466             0.14740091
    SCEL2_1_2_1_0_0_0/274         0        4.50000000         -1.10695347             0.07789210
    SCEL2_1_2_1_0_0_0/275         0        4.50000000         -1.14724634             0.03759923
    SCEL2_1_2_1_0_0_0/276         0        4.50000000         -1.07820235             0.10664322
    SCEL2_1_2_1_0_0_0/277         0        4.50000000         -1.03361418             0.15123139
    SCEL2_1_2_1_0_0_0/278         0        4.50000000         -1.07563571             0.10920986
    SCEL2_1_2_1_0_0_0/279         0        4.50000000         -0.96151985             0.22332572
    SCEL2_1_2_1_0_0_0/28          0        2.00000000         0.50139274              0.50753444
    SCEL2_1_2_1_0_0_0/280         0        4.50000000         -1.07834022             0.10650535
    SCEL2_1_2_1_0_0_0/281         0        4.50000000         -1.08792855             0.09691702
    SCEL2_1_2_1_0_0_0/282         0        4.50000000         -1.02021247             0.16463310
    SCEL2_1_2_1_0_0_0/283         0        4.50000000         -1.04773227             0.13711330
    SCEL2_1_2_1_0_0_0/284         0        4.50000000         -1.04905279             0.13579278
    SCEL2_1_2_1_0_0_0/285         0        4.50000000         -1.03855550             0.14629007
    SCEL2_1_2_1_0_0_0/286         0        4.50000000         -1.12243163             0.06241394
    SCEL2_1_2_1_0_0_0/287         0        4.50000000         -1.05399965             0.13084592
    SCEL2_1_2_1_0_0_0/288         0        4.50000000         -1.05007946             0.13476611
    SCEL2_1_2_1_0_0_0/289         0        4.50000000         -0.90661315             0.27823242
    SCEL2_1_2_1_0_0_0/29          0        2.00000000         0.53931816              0.54545986
    SCEL2_1_2_1_0_0_0/290         0        4.50000000         -1.04689833             0.13794724
    SCEL2_1_2_1_0_0_0/291         0        4.50000000         -0.97144712             0.21339845
    SCEL2_1_2_1_0_0_0/292         0        4.50000000         -1.05365166             0.13119391
    SCEL2_1_2_1_0_0_0/293         0        4.50000000         -1.06683742             0.11800815
    SCEL2_1_2_1_0_0_0/294         0        4.50000000         -1.03159945             0.15324612
    SCEL2_1_2_1_0_0_0/295         0        4.50000000         -1.09078175             0.09406382
    SCEL2_1_2_1_0_0_0/296         0        4.50000000         -1.08893819             0.09590738
    SCEL2_1_2_1_0_0_0/297         0        4.50000000         -1.01794692             0.16689865
    SCEL2_1_2_1_0_0_0/298         0        4.50000000         -1.02651561             0.15832996
    SCEL2_1_2_1_0_0_0/299         0        4.50000000         -0.98397718             0.20086839
    SCEL2_1_2_1_0_0_0/3           0        2.00000000         0.39584528              0.40198699
    SCEL2_1_2_1_0_0_0/30          0        2.00000000         0.73182658              0.73796828
    SCEL2_1_2_1_0_0_0/300         0        4.50000000         -1.01614429             0.16870128
    SCEL2_1_2_1_0_0_0/301         0        4.50000000         -1.07864294             0.10620263
    SCEL2_1_2_1_0_0_0/302         0        4.50000000         -1.04249129             0.14235428
    SCEL2_1_2_1_0_0_0/303         0        4.50000000         -0.96806466             0.21678091
    SCEL2_1_2_1_0_0_0/304         0        4.50000000         -1.04711925             0.13772632
    SCEL2_1_2_1_0_0_0/305         0        4.50000000         -1.00268768             0.18215789
    SCEL2_1_2_1_0_0_0/306         0        4.50000000         -1.04644538             0.13840019
    SCEL2_1_2_1_0_0_0/307         0        4.50000000         -0.94909656             0.23574901
    SCEL2_1_2_1_0_0_0/308         0        4.50000000         -1.03892948             0.14591609
    SCEL2_1_2_1_0_0_0/309         0        4.50000000         -1.03177782             0.15306775
    SCEL2_1_2_1_0_0_0/31          0        2.00000000         0.75406696              0.76020866
    SCEL2_1_2_1_0_0_0/310         0        4.50000000         -1.04857214             0.13627343
    SCEL2_1_2_1_0_0_0/311         0        4.50000000         -1.07311930             0.11172627
    SCEL2_1_2_1_0_0_0/312         0        4.50000000         -1.04043723             0.14440834
    SCEL2_1_2_1_0_0_0/313         0        4.50000000         -1.06409293             0.12075264
    SCEL2_1_2_1_0_0_0/314         0        4.50000000         -1.01570609             0.16913948
    SCEL2_1_2_1_0_0_0/315         0        4.50000000         -1.03043624             0.15440933
    SCEL2_1_2_1_0_0_0/316         0        4.50000000         -0.98543908             0.19940649
    SCEL2_1_2_1_0_0_0/317         0        5.00000000         -0.90896377             0.49436446
    SCEL2_1_2_1_0_0_0/318         0        5.00000000         -1.15849137             0.24483686
    SCEL2_1_2_1_0_0_0/319         0        5.00000000         -1.34582897             0.05749926
    SCEL2_1_2_1_0_0_0/32          0        2.00000000         0.80727502              0.81341672
    SCEL2_1_2_1_0_0_0/320         0        5.00000000         -1.06147678             0.34185145
    SCEL2_1_2_1_0_0_0/321         0        5.00000000         -1.28512202             0.11820621
    SCEL2_1_2_1_0_0_0/322         0        5.00000000         -1.29426555             0.10906268
    SCEL2_1_2_1_0_0_0/323         0        5.00000000         -1.29423711             0.10909112
    SCEL2_1_2_1_0_0_0/324         0        5.00000000         -1.12549263             0.27783560
    SCEL2_1_2_1_0_0_0/325         0        5.00000000         -1.19611536             0.20721287
    SCEL2_1_2_1_0_0_0/326         0        5.00000000         -1.19102418             0.21230405
    SCEL2_1_2_1_0_0_0/327         0        5.00000000         -1.27581527             0.12751296
    SCEL2_1_2_1_0_0_0/328         0        5.00000000         -1.26600182             0.13732642
    SCEL2_1_2_1_0_0_0/329         0        5.00000000         -1.22685882             0.17646941
    SCEL2_1_2_1_0_0_0/33          0        2.00000000         0.83536041              0.84150211
    SCEL2_1_2_1_0_0_0/330         0        5.00000000         -1.30367708             0.09965116
    SCEL2_1_2_1_0_0_0/331         0        5.00000000         -1.27579525             0.12753299
    SCEL2_1_2_1_0_0_0/332         0        5.00000000         -1.27362714             0.12970109
    SCEL2_1_2_1_0_0_0/333         0        5.00000000         -1.24349350             0.15983473
    SCEL2_1_2_1_0_0_0/334         0        5.00000000         -1.23384956             0.16947868
    SCEL2_1_2_1_0_0_0/335         0        5.00000000         -1.25265794             0.15067029
    SCEL2_1_2_1_0_0_0/336         0        5.00000000         -1.28816611             0.11516212
    SCEL2_1_2_1_0_0_0/337         0        5.00000000         -1.26768367             0.13564456
    SCEL2_1_2_1_0_0_0/338         0        5.00000000         -1.32239965             0.08092858
    SCEL2_1_2_1_0_0_0/339         0        5.00000000         -1.27101659             0.13231165
    SCEL2_1_2_1_0_0_0/34          0        2.00000000         0.91929387              0.92543557
    SCEL2_1_2_1_0_0_0/340         0        5.00000000         -1.28996137             0.11336687
    SCEL2_1_2_1_0_0_0/341         0        5.00000000         -1.30109578             0.10223246
    SCEL2_1_2_1_0_0_0/342         0        5.00000000         -1.28252877             0.12079946
    SCEL2_1_2_1_0_0_0/343         0        5.00000000         -1.25538706             0.14794118
    SCEL2_1_2_1_0_0_0/344         0        5.00000000         -1.29929597             0.10403227
    SCEL2_1_2_1_0_0_0/345         0        5.00000000         -1.18043737             0.22289087
    SCEL2_1_2_1_0_0_0/346         0        5.00000000         -1.23219018             0.17113806
    SCEL2_1_2_1_0_0_0/347         0        5.00000000         -1.20728930             0.19603893
    SCEL2_1_2_1_0_0_0/348         0        5.00000000         -1.29362067             0.10970756
    SCEL2_1_2_1_0_0_0/349         0        5.00000000         -1.34435495             0.05897328
    SCEL2_1_2_1_0_0_0/35          0        2.00000000         0.49870891              0.50485061
    SCEL2_1_2_1_0_0_0/350         0        5.00000000         -1.15016615             0.25316209
    SCEL2_1_2_1_0_0_0/351         0        5.00000000         -1.08271439             0.32061384
    SCEL2_1_2_1_0_0_0/352         0        5.00000000         -1.33709785             0.06623038
    SCEL2_1_2_1_0_0_0/353         0        5.00000000         -1.33120565             0.07212259
    SCEL2_1_2_1_0_0_0/354         0        5.00000000         -1.26473569             0.13859254
    SCEL2_1_2_1_0_0_0/355         0        5.00000000         -1.30618883             0.09713940
    SCEL2_1_2_1_0_0_0/356         0        5.00000000         -1.13991008             0.26341816
    SCEL2_1_2_1_0_0_0/357         0        5.00000000         -1.23896433             0.16436391
    SCEL2_1_2_1_0_0_0/358         0        5.00000000         -1.22384442             0.17948381
    SCEL2_1_2_1_0_0_0/359         0        5.00000000         -1.30135600             0.10197224
    SCEL2_1_2_1_0_0_0/36          0        2.00000000         0.51927215              0.52541386
    SCEL2_1_2_1_0_0_0/360         0        5.00000000         -1.35399033             0.04933790
    SCEL2_1_2_1_0_0_0/361         0        5.00000000         -1.23362836             0.16969987
    SCEL2_1_2_1_0_0_0/362         0        5.00000000         -1.24643206             0.15689617
    SCEL2_1_2_1_0_0_0/363         0        5.00000000         -1.32046523             0.08286301
    SCEL2_1_2_1_0_0_0/364         0        5.00000000         -1.31326795             0.09006028
    SCEL2_1_2_1_0_0_0/365         0        5.00000000         -1.29177147             0.11155677
    SCEL2_1_2_1_0_0_0/366         0        5.00000000         -1.28949630             0.11383194
    SCEL2_1_2_1_0_0_0/367         0        5.00000000         -1.26683330             0.13649494
    SCEL2_1_2_1_0_0_0/368         0        5.00000000         -1.27120807             0.13212016
    SCEL2_1_2_1_0_0_0/369         0        5.00000000         -1.25188111             0.15144712
    SCEL2_1_2_1_0_0_0/37          0        2.00000000         0.96758266              0.97372436
    SCEL2_1_2_1_0_0_0/370         0        5.00000000         -1.23701967             0.16630857
    SCEL2_1_2_1_0_0_0/371         0        5.00000000         -1.25493057             0.14839766
    SCEL2_1_2_1_0_0_0/372         0        5.50000000         -1.41983060             0.20198029
    SCEL2_1_2_1_0_0_0/373         0        5.50000000         -1.47717212             0.14463878
    SCEL2_1_2_1_0_0_0/374         0        5.50000000         -1.53609175             0.08571914
    SCEL2_1_2_1_0_0_0/375         0        5.50000000         -1.44518122             0.17662968
    SCEL2_1_2_1_0_0_0/376         0        5.50000000         -1.47368008             0.14813082
    SCEL2_1_2_1_0_0_0/377         0        5.50000000         -1.50178119             0.12002971
    SCEL2_1_2_1_0_0_0/378         0        5.50000000         -1.52708972             0.09472118
    SCEL2_1_2_1_0_0_0/379         0        5.50000000         -1.55364727             0.06816363
    SCEL2_1_2_1_0_0_0/38          0        2.00000000         0.93329743              0.93943913
    SCEL2_1_2_1_0_0_0/380         0        5.50000000         -1.49951484             0.12229605
    SCEL2_1_2_1_0_0_0/381         0        5.50000000         -1.48194883             0.13986206
    SCEL2_1_2_1_0_0_0/382         0        5.50000000         -1.57054437             0.05126653
    SCEL2_1_2_1_0_0_0/383         0        5.50000000         -1.57650698             0.04530392
    SCEL2_1_2_1_0_0_0/384         0        5.50000000         -1.41285837             0.20895252
    SCEL2_1_2_1_0_0_0/385         0        5.50000000         -1.41606465             0.20574624
    SCEL2_1_2_1_0_0_0/386         0        5.50000000         -1.45106708             0.17074381
    SCEL2_1_2_1_0_0_0/387         0        5.50000000         -1.46560316             0.15620773
    SCEL2_1_2_1_0_0_0/388         0        5.50000000         -1.58373986             0.03807104
    SCEL2_1_2_1_0_0_0/389         0        5.50000000         -1.54845044             0.07336045
    SCEL2_1_2_1_0_0_0/39          0        2.00000000         1.03317618              1.03931788
    SCEL2_1_2_1_0_0_0/390         0        5.50000000         -1.51448850             0.10732239
    SCEL2_1_2_1_0_0_0/391         0        5.50000000         -1.41882724             0.20298366
    SCEL2_1_2_1_0_0_0/392         0        5.50000000         -1.53986028             0.08195061
    SCEL2_1_2_1_0_0_0/393         0        5.50000000         -1.46854219             0.15326870
    SCEL2_1_2_1_0_0_0/394         0        5.50000000         -1.55527415             0.06653675
    SCEL2_1_2_1_0_0_0/395         0        5.50000000         -1.55387495             0.06793594
    SCEL2_1_2_1_0_0_0/396         0        5.50000000         -1.41452038             0.20729052
    SCEL2_1_2_1_0_0_0/397         0        5.50000000         -1.41660466             0.20520623
    SCEL2_1_2_1_0_0_0/398         0        5.50000000         -1.40259838             0.21921252
    SCEL2_1_2_1_0_0_0/399         0        5.50000000         -1.48389404             0.13791685
    SCEL2_1_2_1_0_0_0/4           0        2.00000000         0.67767007              0.68381177
    SCEL2_1_2_1_0_0_0/40          0        2.00000000         0.97717273              0.98331443
    SCEL2_1_2_1_0_0_0/400         0        5.50000000         -1.34605513             0.27575577
    SCEL2_1_2_1_0_0_0/401         0        5.50000000         -1.50129922             0.12051168
    SCEL2_1_2_1_0_0_0/402         0        5.50000000         -1.47786069             0.14395021
    SCEL2_1_2_1_0_0_0/403         0        5.50000000         -1.54456498             0.07724592
    SCEL2_1_2_1_0_0_0/404         0        5.50000000         -1.54626243             0.07554847
    SCEL2_1_2_1_0_0_0/405         0        5.50000000         -1.43653251             0.18527838
    SCEL2_1_2_1_0_0_0/406         0        5.50000000         -1.47282582             0.14898508
    SCEL2_1_2_1_0_0_0/407         0        5.50000000         -1.50105325             0.12075765
    SCEL2_1_2_1_0_0_0/408         0        5.50000000         -1.37403670             0.24777420
    SCEL2_1_2_1_0_0_0/409         0        5.50000000         -1.50286650             0.11894439
    SCEL2_1_2_1_0_0_0/41          0        2.00000000         0.99683905              1.00298076
    SCEL2_1_2_1_0_0_0/410         0        5.50000000         -1.56058760             0.06122329
    SCEL2_1_2_1_0_0_0/411         0        5.50000000         -1.40489809             0.21691281
    SCEL2_1_2_1_0_0_0/412         0        5.50000000         -1.44471657             0.17709432
    SCEL2_1_2_1_0_0_0/413         0        5.50000000         -1.50364539             0.11816551
    SCEL2_1_2_1_0_0_0/414         0        5.50000000         -1.36866927             0.25314163
    SCEL2_1_2_1_0_0_0/415         0        5.50000000         -1.40158641             0.22022449
    SCEL2_1_2_1_0_0_0/416         0        5.50000000         -1.50528487             0.11652603
    SCEL2_1_2_1_0_0_0/417         0        5.50000000         -1.47351649             0.14829440
    SCEL2_1_2_1_0_0_0/418         0        5.50000000         -1.41204891             0.20976198
    SCEL2_1_2_1_0_0_0/419         0        5.50000000         -1.38032860             0.24148229
    SCEL2_1_2_1_0_0_0/42          0        2.00000000         0.94519472              0.95133642
    SCEL2_1_2_1_0_0_0/420         0        5.50000000         -1.51817197             0.10363892
    SCEL2_1_2_1_0_0_0/421         0        5.50000000         -1.46962111             0.15218979
    SCEL2_1_2_1_0_0_0/422         0        5.50000000         -1.45752849             0.16428240
    SCEL2_1_2_1_0_0_0/423         0        5.50000000         -1.56904831             0.05276258
    SCEL2_1_2_1_0_0_0/424         0        5.50000000         -1.54770362             0.07410728
    SCEL2_1_2_1_0_0_0/425         0        5.50000000         -1.42765766             0.19415324
    SCEL2_1_2_1_0_0_0/426         0        5.50000000         -1.51800367             0.10380723
    SCEL2_1_2_1_0_0_0/427         0        6.00000000         -1.82222037             0.01807319
    SCEL2_1_2_1_0_0_0/428         0        6.00000000         -1.55705058             0.28324298
    SCEL2_1_2_1_0_0_0/429         0        6.00000000         -1.52522200             0.31507156
    SCEL2_1_2_1_0_0_0/43          0        2.00000000         1.02992187              1.03606358
    SCEL2_1_2_1_0_0_0/430         0        6.00000000         -1.69258125             0.14771231
    SCEL2_1_2_1_0_0_0/431         0        6.00000000         -1.70221363             0.13807992
    SCEL2_1_2_1_0_0_0/432         0        6.00000000         -1.63476700             0.20552656
    SCEL2_1_2_1_0_0_0/433         0        6.00000000         -1.60582672             0.23446683
    SCEL2_1_2_1_0_0_0/434         0        6.00000000         -1.78716889             0.05312467
    SCEL2_1_2_1_0_0_0/435         0        6.00000000         -1.80604921             0.03424434
    SCEL2_1_2_1_0_0_0/436         0        6.00000000         -1.71305505             0.12723850
    SCEL2_1_2_1_0_0_0/437         0        6.00000000         -1.81266591             0.02762765
    SCEL2_1_2_1_0_0_0/438         0        6.00000000         -1.66326593             0.17702762
    SCEL2_1_2_1_0_0_0/439         0        6.00000000         -1.51806955             0.32222401
    SCEL2_1_2_1_0_0_0/44          0        2.00000000         1.06675170              1.07289340
    SCEL2_1_2_1_0_0_0/440         0        6.00000000         -1.77627189             0.06402166
    SCEL2_1_2_1_0_0_0/441         0        6.00000000         -1.77352183             0.06677173
    SCEL2_1_2_1_0_0_0/442         0        6.00000000         -1.57005605             0.27023751
    SCEL2_1_2_1_0_0_0/443         0        6.00000000         -1.73580394             0.10448962
    SCEL2_1_2_1_0_0_0/444         0        6.00000000         -1.77317616             0.06711740
    SCEL2_1_2_1_0_0_0/445         0        6.00000000         -1.56695432             0.27333924
    SCEL2_1_2_1_0_0_0/446         0        6.00000000         -1.72069503             0.11959853
    SCEL2_1_2_1_0_0_0/447         0        6.00000000         -1.63975887             0.20053469
    SCEL2_1_2_1_0_0_0/448         0        6.00000000         -1.69005129             0.15024227
    SCEL2_1_2_1_0_0_0/449         0        6.00000000         -1.65755486             0.18273870
    SCEL2_1_2_1_0_0_0/45          0        2.00000000         0.96579053              0.97193223
    SCEL2_1_2_1_0_0_0/450         0        6.00000000         -1.69392282             0.14637074
    SCEL2_1_2_1_0_0_0/451         0        6.00000000         -1.68263584             0.15765772
    SCEL2_1_2_1_0_0_0/452         0        6.00000000         -1.66571163             0.17458193
    SCEL2_1_2_1_0_0_0/453         0        6.00000000         -1.64395259             0.19634096
    SCEL2_1_2_1_0_0_0/454         0        6.00000000         -1.63618941             0.20410415
    SCEL2_1_2_1_0_0_0/455         0        6.00000000         -1.43998686             0.40030670
    SCEL2_1_2_1_0_0_0/456         0        6.00000000         -1.61831026             0.22198330
    SCEL2_1_2_1_0_0_0/457         0        6.00000000         -1.65870575             0.18158781
    SCEL2_1_2_1_0_0_0/458         0        6.00000000         -1.69838825             0.14190531
    SCEL2_1_2_1_0_0_0/459         0        6.00000000         -1.70399149             0.13630207
    SCEL2_1_2_1_0_0_0/46          0        2.00000000         1.03624480              1.04238650
    SCEL2_1_2_1_0_0_0/460         0        6.00000000         -1.69876854             0.14152502
    SCEL2_1_2_1_0_0_0/461         0        6.00000000         -1.72506778             0.11522578
    SCEL2_1_2_1_0_0_0/462         0        6.00000000         -1.38114886             0.45914470
    SCEL2_1_2_1_0_0_0/463         0        6.00000000         -1.62682765             0.21346591
    SCEL2_1_2_1_0_0_0/464         0        6.00000000         -1.62905798             0.21123557
    SCEL2_1_2_1_0_0_0/465         0        6.00000000         -1.69919175             0.14110181
    SCEL2_1_2_1_0_0_0/466         0        6.00000000         -1.61829214             0.22200142
    SCEL2_1_2_1_0_0_0/467         0        6.00000000         -1.56294118             0.27735238
    SCEL2_1_2_1_0_0_0/468         0        6.00000000         -1.61779381             0.22249975
    SCEL2_1_2_1_0_0_0/469         0        6.00000000         -1.48840499             0.35188857
    SCEL2_1_2_1_0_0_0/47          0        2.00000000         1.02000164              1.02614334
    SCEL2_1_2_1_0_0_0/470         0        6.00000000         -1.62131306             0.21898049
    SCEL2_1_2_1_0_0_0/471         0        6.00000000         -1.53540859             0.30488497
    SCEL2_1_2_1_0_0_0/472         0        6.00000000         -1.62641930             0.21387426
    SCEL2_1_2_1_0_0_0/473         0        6.00000000         -1.49677290             0.34352066
    SCEL2_1_2_1_0_0_0/474         0        6.00000000         -1.69981942             0.14047413
    SCEL2_1_2_1_0_0_0/475         0        6.00000000         -1.49949186             0.34080170
    SCEL2_1_2_1_0_0_0/476         0        6.00000000         -1.68426758             0.15602598
    SCEL2_1_2_1_0_0_0/477         0        6.00000000         -1.55756150             0.28273205
    SCEL2_1_2_1_0_0_0/478         0        6.00000000         -1.64813621             0.19215735
    SCEL2_1_2_1_0_0_0/479         0        6.00000000         -1.52984495             0.31044861
    SCEL2_1_2_1_0_0_0/48          0        2.00000000         0.71311522              0.71925692
    SCEL2_1_2_1_0_0_0/480         0        6.00000000         -1.47275073             0.36754283
    SCEL2_1_2_1_0_0_0/481         0        6.00000000         -1.71181401             0.12847955
    SCEL2_1_2_1_0_0_0/482         0        6.00000000         -1.68352987             0.15676369
    SCEL2_1_2_1_0_0_0/483         0        6.00000000         -1.70229832             0.13799524
    SCEL2_1_2_1_0_0_0/484         0        7.00000000         -0.91354814             0.00750896
    SCEL2_1_2_1_0_0_0/485         0        7.00000000         -0.87289658             0.04816052
    SCEL2_1_2_1_0_0_0/486         0        7.00000000         -0.90553329             0.01552381
    SCEL2_1_2_1_0_0_0/487         0        6.50000000         -1.26388512             0.11679021
    SCEL2_1_2_1_0_0_0/488         0        6.50000000         -1.33598014             0.04469519
    SCEL2_1_2_1_0_0_0/489         0        6.50000000         -1.20101248             0.17966285
    SCEL2_1_2_1_0_0_0/49          0        2.00000000         0.66702952              0.67317122
    SCEL2_1_2_1_0_0_0/490         0        6.50000000         -1.36979282             0.01088251
    SCEL2_1_2_1_0_0_0/491         0        6.50000000         -1.37066690             0.01000843
    SCEL2_1_2_1_0_0_0/492         0        6.50000000         -1.26000676             0.12066857
    SCEL2_1_2_1_0_0_0/493         0        6.50000000         -1.25856992             0.12210541
    SCEL2_1_2_1_0_0_0/494         0        6.50000000         -1.31827257             0.06240276
    SCEL2_1_2_1_0_0_0/495         0        6.50000000         -1.25299700             0.12767833
    SCEL2_1_2_1_0_0_0/496         0        6.50000000         -1.24293935             0.13773598
    SCEL2_1_2_1_0_0_0/497         0        6.50000000         -1.15616214             0.22451319
    SCEL2_1_2_1_0_0_0/498         0        6.50000000         -1.33634081             0.04433452
    SCEL2_1_2_1_0_0_0/499         0        6.50000000         -1.29566498             0.08501035
    SCEL2_1_2_1_0_0_0/5           0        2.00000000         0.74165128              0.74779298
    SCEL2_1_2_1_0_0_0/500         0        6.50000000         -1.22149531             0.15918002
    SCEL2_1_2_1_0_0_0/501         0        6.50000000         -1.28627115             0.09440418
    SCEL2_1_2_1_0_0_0/502         0        6.50000000         -1.22657308             0.15410225
    SCEL2_1_2_1_0_0_0/503         0        6.50000000         -1.24610333             0.13457200
    SCEL2_1_2_1_0_0_0/504         0        6.50000000         -1.27469790             0.10597743
    SCEL2_1_2_1_0_0_0/505         0        3.00000000         -0.36423414             0.12201817
    SCEL2_1_2_1_0_0_0/506         0        3.00000000         -0.13875992             0.34749239
    SCEL2_1_2_1_0_0_0/507         0        3.00000000         -0.04577756             0.44047474
    SCEL2_1_2_1_0_0_0/508         0        3.00000000         -0.14201987             0.34423244
    SCEL2_1_2_1_0_0_0/509         0        3.00000000         -0.40599109             0.08026122
    SCEL2_1_2_1_0_0_0/51          0        7.50000000         -0.45023513             0.01120374
    SCEL2_1_2_1_0_0_0/510         0        3.00000000         -0.34857663             0.13767567
    SCEL2_1_2_1_0_0_0/511         0        3.50000000         -0.59432553             0.13198208
    SCEL2_1_2_1_0_0_0/512         0        3.50000000         -0.40276784             0.32353977
    SCEL2_1_2_1_0_0_0/513         0        3.50000000         -0.44710206             0.27920555
    SCEL2_1_2_1_0_0_0/514         0        3.50000000         -0.39213636             0.33417124
    SCEL2_1_2_1_0_0_0/515         0        4.00000000         -0.76129782             0.20506509
    SCEL2_1_2_1_0_0_0/516         0        4.00000000         -0.63506801             0.33129489
    SCEL2_1_2_1_0_0_0/517         0        4.00000000         -0.80914826             0.15721465
    SCEL2_1_2_1_0_0_0/518         0        4.00000000         -0.87995124             0.08641167
    SCEL2_1_2_1_0_0_0/519         0        4.50000000         -1.09089709             0.09394848
    SCEL2_1_2_1_0_0_0/52          0        7.50000000         -0.40861251             0.05282636
    SCEL2_1_2_1_0_0_0/520         0        4.50000000         -1.08512658             0.09971899
    SCEL2_1_2_1_0_0_0/521         0        4.50000000         -1.03196553             0.15288004
    SCEL2_1_2_1_0_0_0/522         0        4.50000000         -0.97642079             0.20842478
    SCEL2_1_2_1_0_0_0/523         0        4.50000000         -1.01536079             0.16948478
    SCEL2_1_2_1_0_0_0/524         0        6.00000000         -1.64325827             0.19703529
    SCEL2_1_2_1_0_0_0/525         0        6.00000000         -1.64134313             0.19895043
    SCEL2_1_2_1_0_0_0/526         0        6.00000000         -1.69621888             0.14407468
    SCEL2_1_2_1_0_0_0/527         0        6.00000000         -1.69710938             0.14318418
    SCEL2_1_2_1_0_0_0/528         0        6.00000000         -1.75021734             0.09007622
    SCEL2_1_2_1_0_0_0/529         0        6.00000000         -1.84029356             0.00000000
    SCEL2_1_2_1_0_0_0/53          0        2.50000000         -0.19578384             0.05041316
    SCEL2_1_2_1_0_0_0/530         0        2.50000000         0.41760721              0.66380421
    SCEL2_1_2_1_0_0_0/531         0        2.50000000         0.32168564              0.56788264
    SCEL2_1_2_1_0_0_0/532         0        5.50000000         -1.23849494             0.38331595
    SCEL2_1_2_1_0_0_0/533         0        5.50000000         -1.57654421             0.04526668
    SCEL2_1_2_1_0_0_0/534         0        5.50000000         -1.43375699             0.18805390
    SCEL2_1_2_1_0_0_0/535         0        5.00000000         -1.33652189             0.06680634
    SCEL2_1_2_1_0_0_0/536         0        5.00000000         -1.31491075             0.08841749
    SCEL2_1_2_1_0_0_0/537         0        4.00000000         -0.78781374             0.17854917
    SCEL2_1_2_1_0_0_0/538         0        4.00000000         -0.86120840             0.10515450
    SCEL2_1_2_1_0_0_0/539         0        2.50000000         0.45099116              0.69718817
    SCEL2_1_2_1_0_0_0/54          0        2.50000000         -0.15840815             0.08778885
    SCEL2_1_2_1_0_0_0/540         0        3.00000000         -0.04237098             0.44388132
    SCEL2_1_2_1_0_0_0/541         0        3.00000000         -0.15254928             0.33370303
    SCEL2_1_2_1_0_0_0/542         0        3.00000000         0.00355570              0.48980801
    SCEL2_1_2_1_0_0_0/543         0        3.50000000         -0.61063262             0.11567499
    SCEL2_1_2_1_0_0_0/544         0        3.50000000         -0.63756614             0.08874146
    SCEL2_1_2_1_0_0_0/545         0        3.50000000         -0.41069349             0.31561412
    SCEL2_1_2_1_0_0_0/546         0        3.50000000         -0.56171880             0.16458881
    SCEL2_1_2_1_0_0_0/547         0        3.50000000         -0.60355904             0.12274856
    SCEL2_1_2_1_0_0_0/548         0        3.50000000         -0.66883165             0.05747596
    SCEL2_1_2_1_0_0_0/549         0        3.50000000         -0.56352999             0.16277762
    SCEL2_1_2_1_0_0_0/55          0        2.50000000         0.23424966              0.48044667
    SCEL2_1_2_1_0_0_0/550         0        4.50000000         -1.05620608             0.12863949
    SCEL2_1_2_1_0_0_0/551         0        4.50000000         -1.07499192             0.10985365
    SCEL2_1_2_1_0_0_0/552         0        4.50000000         -0.85390293             0.33094264
    SCEL2_1_2_1_0_0_0/553         0        4.50000000         -1.01968104             0.16516453
    SCEL2_1_2_1_0_0_0/554         0        4.50000000         -1.01913217             0.16571340
    SCEL2_1_2_1_0_0_0/555         0        4.50000000         -0.86876477             0.31608080
    SCEL2_1_2_1_0_0_0/556         0        4.50000000         -1.06221418             0.12263139
    SCEL2_1_2_1_0_0_0/557         0        4.50000000         -1.09460877             0.09023680
    SCEL2_1_2_1_0_0_0/56          0        2.50000000         0.10200083              0.34819783
    SCEL2_1_2_1_0_0_0/57          0        2.50000000         0.23890036              0.48509737
    SCEL2_1_2_1_0_0_0/58          0        2.50000000         0.18032456              0.42652157
    SCEL2_1_2_1_0_0_0/59          0        2.50000000         0.20694691              0.45314391
    SCEL2_1_2_1_0_0_0/6           0        2.00000000         0.80295051              0.80909221
    SCEL2_1_2_1_0_0_0/60          0        2.50000000         0.19817408              0.44437109
    SCEL2_1_2_1_0_0_0/61          0        2.50000000         0.21121399              0.45741099
    SCEL2_1_2_1_0_0_0/62          0        2.50000000         0.23777720              0.48397421
    SCEL2_1_2_1_0_0_0/63          0        2.50000000         0.12514065              0.37133766
    SCEL2_1_2_1_0_0_0/64          0        2.50000000         0.21613704              0.46233405
    SCEL2_1_2_1_0_0_0/65          0        2.50000000         0.12244288              0.36863988
    SCEL2_1_2_1_0_0_0/66          0        2.50000000         0.18442516              0.43062216
    SCEL2_1_2_1_0_0_0/67          0        2.50000000         0.23728924              0.48348624
    SCEL2_1_2_1_0_0_0/68          0        2.50000000         0.24514393              0.49134093
    SCEL2_1_2_1_0_0_0/69          0        2.50000000         0.21512810              0.46132510
    SCEL2_1_2_1_0_0_0/7           0        2.00000000         0.76369474              0.76983645
    SCEL2_1_2_1_0_0_0/70          0        2.50000000         0.18748238              0.43367939
    SCEL2_1_2_1_0_0_0/71          0        2.50000000         0.23241208              0.47860909
    SCEL2_1_2_1_0_0_0/72          0        2.50000000         0.24521129              0.49140829
    SCEL2_1_2_1_0_0_0/73          0        2.50000000         0.15898070              0.40517771
    SCEL2_1_2_1_0_0_0/74          0        2.50000000         0.28163443              0.52783144
    SCEL2_1_2_1_0_0_0/75          0        2.50000000         0.29458358              0.54078058
    SCEL2_1_2_1_0_0_0/76          0        2.50000000         0.27149184              0.51768884
    SCEL2_1_2_1_0_0_0/77          0        2.50000000         0.34515858              0.59135559
    SCEL2_1_2_1_0_0_0/78          0        2.50000000         0.34477926              0.59097627
    SCEL2_1_2_1_0_0_0/79          0        2.50000000         0.41011173              0.65630873
    SCEL2_1_2_1_0_0_0/8           0        2.00000000         0.72643105              0.73257275
    SCEL2_1_2_1_0_0_0/80          0        2.50000000         0.43271611              0.67891312
    SCEL2_1_2_1_0_0_0/81          0        2.50000000         0.28193555              0.52813256
    SCEL2_1_2_1_0_0_0/82          0        2.50000000         0.36027146              0.60646847
    SCEL2_1_2_1_0_0_0/83          0        2.50000000         0.36748440              0.61368140
    SCEL2_1_2_1_0_0_0/84          0        2.50000000         0.37408105              0.62027805
    SCEL2_1_2_1_0_0_0/85          0        2.50000000         0.51198523              0.75818223
    SCEL2_1_2_1_0_0_0/86          0        2.50000000         0.39208246              0.63827946
    SCEL2_1_2_1_0_0_0/87          0        2.50000000         0.41027390              0.65647090
    SCEL2_1_2_1_0_0_0/88          0        2.50000000         0.32126166              0.56745866
    SCEL2_1_2_1_0_0_0/89          0        2.50000000         0.44986991              0.69606691
    SCEL2_1_2_1_0_0_0/9           0        2.00000000         0.75575146              0.76189316
    SCEL2_1_2_1_0_0_0/90          0        2.50000000         0.29244401              0.53864101
    SCEL2_1_2_1_0_0_0/91          0        2.50000000         0.44554721              0.69174422
    SCEL2_1_2_1_0_0_0/92          0        2.50000000         0.46573229              0.71192930
    SCEL2_1_2_1_0_0_0/93          0        2.50000000         0.14617016              0.39236716
    SCEL2_1_2_1_0_0_0/94          0        2.50000000         0.34969909              0.59589609
    SCEL2_1_2_1_0_0_0/95          0        2.50000000         0.40945391              0.65565092
    SCEL2_1_2_1_0_0_0/96          0        2.50000000         0.20696362              0.45316063
    SCEL2_1_2_1_0_0_0/97          0        2.50000000         0.49999337              0.74619038
    SCEL2_1_2_1_0_0_0/98          0        2.50000000         0.13407302              0.38027002
    SCEL2_1_2_1_0_0_0/99          0        2.50000000         0.52785788              0.77405488
